>>>>>>>>>>>> LCD figures, two different but similar fonts are supported
       | 88888 |      8| 88888 | 88888 | 88888 | 88888 |8     8|8     8| 88888 | 88888 | 88888 | 88888 | 88888 | 88888 | 88888 | 88888 | 88888 |       |       |8     8|      8|8      |      8|
       |8     8|      8|      8|      8|      8|      8|8     8|8     8|8      |8      |8      |8      |      8|8     8|8     8|8     8|8     8|       |       | 8   8 |     8 | 8     |     8 |
       |8     8|      8|      8|      8|      8|      8|8     8|8     8|8      |8      |8      |8      |      8|8     8|8     8|8     8|8     8|       |       | 8   8 |     8 | 8     |     8 |
       |8     8|      8|      8|      8|      8|      8|8     8|8     8|8      |8      |8      |8      |      8|8     8|8     8|8     8|8     8|   8   |       |  8 8  |    8  |  8    |    8  |
       |8     8|      8|      8|      8|      8|      8|8     8|8     8|8      |8      |8      |8      |      8|8     8|8     8|8     8|8     8|   8   |       |  8 8  |    8  |  8    |    8  |
       |       |       | 88 88 | 88888 | 88 88 | 88888 | 88 88 | 88888 | 88 88 | 88888 | 88 88 | 88888 |       | 88 88 | 88888 | 88 88 | 88888 | 88 88 | 88 88 |       |       |       |       |
       |8     8|      8|8      |8      |      8|      8|      8|      8|      8|      8|8     8|8     8|      8|8     8|8     8|      8|      8|   8   |       |  8 8  |  8    |  8    |       |
       |8     8|      8|8      |8      |      8|      8|      8|      8|      8|      8|8     8|8     8|      8|8     8|8     8|      8|      8|   8   |       |  8 8  |  8    |  8    |       |
       |8     8|      8|8      |8      |      8|      8|      8|      8|      8|      8|8     8|8     8|      8|8     8|8     8|      8|      8|       |       | 8   8 | 8     | 8     |       |
       |8     8|      8|8      |8      |      8|      8|      8|      8|      8|      8|8     8|8     8|      8|8     8|8     8|      8|      8|       |       | 8   8 | 8     | 8     |       |
       | 88888 |      8| 88888 | 88888 | 88888 | 88888 |      8|      8| 88888 | 88888 | 88888 | 88888 |      8| 88888 | 88888 | 88888 | 88888 |       |       |8     8|8      |8      |       |
>>>>>>>>>>>>
 88888 | 88888 | 88888 | 88888 | 88888 |  88888| 88888 |8     8| 88888 |      8| 8    8|8      |8     8|
8     8|   8  8|8      |   8  8|8      | 8     |8      |8     8|   8   |      8| 8   8 |8      |88   88|
8     8|   8  8|8      |   8  8|8      | 8     |8      |8     8|   8   |      8| 8   8 |8      |88   88|
8     8|   8  8|8      |   8  8|8      | 8     |8      |8     8|   8   |      8| 8  8  |8      |8 8 8 8|
8     8|   8  8|8      |   8  8|8      | 8     |8      |8     8|   8   |      8| 88 8  |8      |8 8 8 8|
 88 88 |    88 |       |       | 88    |  88   |    88 | 88 88 |       |       |       |       |       |
8     8|   8  8|8      |   8  8|8      | 8     |8     8|8     8|   8   |8     8| 88 8  |8      |8     8|
8     8|   8  8|8      |   8  8|8      | 8     |8     8|8     8|   8   |8     8| 8  8  |8      |8     8|
8     8|   8  8|8      |   8  8|8      | 8     |8     8|8     8|   8   |8     8| 8   8 |8      |8     8|
8     8|   8  8|8      |   8  8|8      | 8     |8     8|8     8|   8   |8     8| 8   8 |8      |8     8|
8     8| 88888 | 88888 | 88888 | 88888 | 8     | 88888 |8     8| 88888 | 88888 | 8    8| 88888 |8     8|
>>>>>>>>>>>>  mind dots on O & S to differentiate with 0 and 5 :
8     8|.88888 | 88888 | 88888 | 88888 |.88888 | 88888 |8     8|8     8|8     8|8     8|8     8| 88888 |
88    8|8     8|8     8|8     8|8     8|8      |   8   |8     8|8    8 |8     8| 8   8 | 8   8 |     8 |
88    8|8     8|8     8|8     8|8     8|8      |   8   |8     8|8    8 |8     8| 8   8 | 8   8 |     8 |
8 8   8|8     8|8     8|8     8|8     8|8      |   8   |8     8|8   8  |8     8|  8 8  |  8 8  |    8  |
8 8   8|8     8|8     8|8     8|8     8|8      |   8   |8     8|8   8  |8     8|  8 8  |  8 8  |    8  |
       |       | 88 88 |       | 88 88 | 88 88 |       |       |       |       |       |       |       |
8   8 8|8     8|8      |8     8|8   8  |      8|   8   |8     8|8 8    |8 8 8 8|  8 8  |   8   |  8    |
8   8 8|8     8|8      |8     8|8   8  |      8|   8   |8     8|8 8    |8 8 8 8|  8 8  |   8   |  8    |
8    88|8     8|8      |8   8 8|8    8 |      8|   8   |8     8|88     |88   88| 8   8 |   8   | 8     |
8    88|8     8|8      |8    8 |8    8 |      8|   8   |8     8|88     |88   88| 8   8 |   8   | 8     |
8     8| 88888 |8      | 8888 8|8     8| 88888 |    8  | 88888 |8      |8     8|8     8|   8   | 88888 |
>>>>>>>>>>>> 7 width, 7 height
       | 88888 |       | 88888 | 88888 |       | 88888 | 88888 | 88888 | 88888 | 88888 |            
       |8     8|      8|      8|      8|8     8|8      |8      |      8|8     8|8     8|            
       |8     8|      8|      8|      8|8     8|8      |8      |      8|8     8|8     8|            
       |       |       | 88888 | 88888 | 88888 | 88888 | 88888 |       | 88888 | 88888 |            
       |8     8|      8|8      |      8|      8|      8|8     8|      8|8     8|      8|            
       |8     8|      8|8      |      8|      8|      8|8     8|      8|8     8|      8|            
       | 88888 |       | 88888 | 88888 |       | 88888 | 88888 |       | 88888 | 88888 |           
>>>>>>>>>>>> 5 width font
     | 888 |    8|8888 |8888 |8   8| 8888| 8888|8888 | 888 | 888 |
     |8   8|    8|    8|    8|8   8|8    |8    |    8|8   8|8   8|
     |8   8|    8|    8|    8|8   8|8    |8    |    8|8   8|8   8|
     |8   8|    8|    8|    8|8   8|8    |8    |    8|8   8|8   8|
     |8   8|    8|    8|    8|8   8|8    |8    |    8|8   8|8   8|
     |     |     |888  |888  |888  |888  |888  |     |888  |888  |
     |8   8|    8|8    |    8|    8|    8|8   8|    8|8   8|    8|
     |8   8|    8|8    |    8|    8|    8|8   8|    8|8   8|    8|
     |8   8|    8|8    |    8|    8|    8|8   8|    8|8   8|    8|
     |8   8|    8|8    |    8|    8|    8|8   8|    8|8   8|    8|
     | 888 |    8| 8888|8888 |    8|8888 | 888 |    8| 888 |8888 |
